      0/54     7.92G   0.07148     1.256   0.03126     1.358        77       640   0.02501    0.2773   0.01796  0.003431   0.08795    0.2414   0.02606
      1/54     10.8G   0.07083    0.1287   0.03124    0.2307        35       640   0.09098    0.3146   0.08074   0.01895   0.08751   0.04292   0.02606
      2/54     10.8G   0.07034   0.03445   0.03121     0.136        51       640    0.1323    0.3013    0.1076   0.02621   0.08614   0.02006   0.02602
      3/54     10.8G   0.06772   0.02104   0.03114    0.1199        59       640    0.1262    0.5152    0.1441   0.04407   0.08152   0.01527   0.02593
      4/54     10.8G   0.06058   0.01913   0.03099    0.1107        69       640    0.1937     0.442    0.2125   0.08623    0.0669   0.01389   0.02582
      5/54     10.8G    0.0518    0.0195   0.03081    0.1021        50       640    0.2334    0.7094    0.2624    0.1366   0.05078   0.01342   0.02563
      6/54     10.8G   0.04501   0.02016   0.03037   0.09553        59       640    0.2521    0.8223    0.2904     0.178   0.04239   0.01256    0.0253
      7/54     10.8G   0.04115   0.01994   0.02968   0.09076        41       640    0.2568    0.8408    0.3028    0.2078   0.03761   0.01201   0.02481
      8/54     10.8G   0.03862   0.02096   0.02895   0.08853        35       640    0.2476    0.9327    0.3185    0.2276   0.03642   0.01151   0.02428
      9/54     10.8G   0.03718   0.02116   0.02833   0.08667        55       640    0.2472    0.8905     0.295    0.2109   0.03384   0.01171    0.0236
     10/54     10.8G   0.03405   0.02264   0.02771    0.0844        80       640    0.2509    0.8814    0.3014    0.2042   0.03097   0.01151   0.02329
     11/54     10.8G   0.03056   0.02239   0.02703   0.07998        87       640    0.2431     0.801    0.2741    0.1623   0.02633   0.01163   0.02306
     12/54     10.8G   0.02768   0.02299    0.0262   0.07687        82       640    0.2393    0.9383    0.3058    0.2181   0.02491   0.01118   0.02302
     13/54     10.8G   0.02842   0.02245   0.02565   0.07651        64       640    0.2547    0.8332    0.3175    0.2348   0.02281   0.01058   0.02309
     14/54     10.8G   0.02612   0.02322   0.02521   0.07455        79       640    0.2836    0.7048    0.3476    0.2745   0.01914   0.01038   0.02327
     15/54     10.8G     0.026   0.02412   0.02481   0.07493        77       640    0.2716    0.7904    0.3264    0.2558   0.01978   0.01073   0.02335
     16/54     10.8G   0.02513   0.02426   0.02459   0.07398        59       640     0.288    0.7925    0.3968    0.3166   0.01792   0.01104    0.0235
     17/54     10.8G   0.02527   0.02201   0.02407   0.07135        66       640    0.3204    0.6359    0.4418    0.3414   0.01866   0.01101   0.02353
     18/54     10.8G   0.02434    0.0229   0.02308   0.07033        60       640    0.3521    0.6256    0.4789    0.3831   0.01824   0.01121   0.02319
     19/54     10.8G   0.02348   0.02318   0.02277   0.06944        54       640    0.3359    0.7774    0.5015    0.3954   0.01721   0.01197   0.02309
     20/54     10.8G   0.02335   0.02224    0.0221   0.06769        95       640    0.3923    0.8222    0.5638    0.4593   0.01702    0.0126   0.02271
     21/54     10.8G   0.02346   0.02315   0.02133   0.06794        98       640    0.5725    0.7333    0.6848    0.5184   0.01958   0.01244   0.02172
     22/54     10.8G   0.02538   0.02237   0.02025   0.06799        87       640    0.5982    0.7868    0.7455    0.5751   0.01921   0.01277   0.02071
     23/54     10.8G   0.02591   0.01996   0.01782   0.06369        57       640    0.6839    0.8454    0.8334    0.6304   0.01977   0.01265   0.01959
     24/54     10.8G   0.02517   0.02011   0.01641   0.06169        42       640    0.7634    0.8726    0.9264    0.7142   0.01747   0.01267   0.01828
     25/54     10.8G    0.0254      0.02   0.01399   0.05939        51       640    0.9356    0.9403    0.9733     0.738   0.01748   0.01347   0.01692
     26/54     10.8G   0.02571   0.01904   0.01147   0.05622        47       640     0.951    0.9538    0.9871    0.7673   0.01856   0.01395   0.01535
     27/54     10.8G   0.02458   0.01956  0.009397   0.05354        51       640    0.9798    0.9532    0.9912     0.768   0.01809   0.01458   0.01419
     28/54     10.8G   0.02424   0.01857  0.007454   0.05026        55       640    0.9809     0.973    0.9922    0.8261   0.01945   0.01446   0.01448
     29/54     10.8G   0.02417    0.0182   0.00631   0.04867        55       640    0.9702    0.9864    0.9921    0.7897   0.01742   0.01455   0.01288
     30/54     10.8G   0.02329   0.01793  0.006101   0.04732        33       640    0.9863    0.9904    0.9947    0.8068    0.0158   0.01402   0.01142
     31/54     10.8G   0.02201   0.01781  0.005557   0.04538       118       640    0.9908    0.9893     0.992    0.8351   0.01623   0.01423   0.01095
     32/54     10.8G   0.02087   0.01703  0.004655   0.04255        57       640    0.9846    0.9891    0.9942     0.835   0.01628    0.0143   0.01079
     33/54     10.8G   0.02025   0.01637  0.004297   0.04091        80       640    0.9859    0.9826    0.9944     0.832   0.01551   0.01487  0.009937
     34/54     10.8G   0.01949   0.01589   0.00401    0.0394        75       640    0.9887    0.9998    0.9948    0.8734   0.01454   0.01477  0.009621
     35/54     10.8G   0.01953     0.016  0.003671    0.0392        90       640    0.9889    0.9932     0.994    0.8746   0.01391   0.01517  0.009206
     36/54     10.8G   0.01871   0.01657  0.003767   0.03904        42       640    0.9977     0.991    0.9942    0.8803   0.01372   0.01454  0.008799
     37/54     10.8G   0.01742   0.01607   0.00338   0.03687        77       640    0.9719    0.9848    0.9888    0.8587   0.01396   0.01454  0.009561
     38/54     10.8G   0.01732   0.01665   0.00334   0.03731        57       640    0.9858    0.9865     0.994    0.8784   0.01362   0.01474  0.008243
     39/54     10.8G   0.01662    0.0161  0.003239   0.03595        46       640    0.9862    0.9912    0.9939    0.8819   0.01305   0.01517   0.00771
     40/54     10.8G   0.01611   0.01561  0.002794   0.03451        54       640    0.9927    0.9908    0.9953     0.881   0.01268   0.01552  0.007433
     41/54     10.8G   0.01547   0.01487  0.002777   0.03312        62       640    0.9895     0.991    0.9943    0.8773   0.01269   0.01537  0.007349
     42/54     10.8G   0.01494   0.01436  0.002525   0.03183        88       640    0.9973    0.9875    0.9939    0.8863   0.01246   0.01576  0.007193
     43/54     10.8G   0.01498   0.01439  0.002507   0.03187        62       640    0.9973    0.9901    0.9942    0.8865   0.01242   0.01587   0.00708
     44/54     10.8G    0.0149   0.01469  0.002366   0.03196        54       640    0.9972    0.9858    0.9939    0.8863   0.01254    0.0157  0.006906
     45/54     10.8G   0.01477   0.01413  0.002223   0.03113        73       640    0.9964    0.9898    0.9959    0.8913   0.01208   0.01568  0.006689
     46/54     10.8G   0.01479   0.01402  0.002414   0.03123        41       640    0.9941    0.9975    0.9959    0.8903    0.0125   0.01545  0.006362
     47/54     10.8G   0.01407   0.01415  0.002413   0.03064        95       640    0.9937         1    0.9959    0.8929   0.01218   0.01532  0.006289
     48/54     10.8G    0.0138   0.01422  0.002331   0.03035        71       640    0.9952         1    0.9959    0.8947   0.01194   0.01536  0.006205
     49/54     10.8G   0.01413   0.01461  0.002348   0.03109        64       640    0.9921         1     0.996    0.8954    0.0122   0.01548  0.006141
     50/54     10.8G   0.01406   0.01447  0.002174   0.03071        65       640    0.9885    0.9999    0.9959    0.8974   0.01211    0.0154  0.006168
     51/54     10.8G   0.01362   0.01331  0.001975   0.02891        65       640    0.9911         1    0.9959    0.8954   0.01202    0.0154  0.005988
     52/54     10.8G   0.01363    0.0136  0.002018   0.02925        69       640    0.9943     0.993    0.9957    0.8937   0.01191   0.01572  0.005901
     53/54     10.8G   0.01357   0.01363  0.001942   0.02915        34       640    0.9934    0.9947    0.9957    0.8958   0.01186    0.0157  0.005867
     54/54     10.8G   0.01343   0.01408  0.001937   0.02945        41       640    0.9946    0.9991    0.9958    0.9006   0.01183   0.01555  0.005673
